image: bit.pgm
resolution: 0.500000
origin: [-123.249420, -108.242256, 0.000000]
negate: 0
occupied_thresh: 0.65
free_thresh: 0.196

